0 0.474609 0.069531 0.110156 0.040625
1 0.492188 0.492969 0.925000 0.882812
2 0.231641 0.232031 0.099219 0.082812
3 0.613672 0.613672 0.036719 0.032031
3 0.169531 0.288672 0.014063 0.019531
3 0.223438 0.759375 0.023438 0.028125
3 0.253125 0.790234 0.023438 0.024219
3 0.283203 0.794141 0.013281 0.016406
3 0.721484 0.768359 0.016406 0.022656
3 0.825391 0.665625 0.022656 0.023438
3 0.826953 0.692578 0.021094 0.021094
3 0.802734 0.700391 0.024219 0.028906
3 0.773438 0.732812 0.021875 0.028125
3 0.799609 0.726953 0.016406 0.021094
3 0.773828 0.760938 0.016406 0.021875
3 0.750000 0.765234 0.021875 0.028906
