0 0.479687 0.067187 0.120313 0.045312
1 0.494141 0.487500 0.921094 0.885938
2 0.253516 0.253125 0.083594 0.104688
3 0.174609 0.282422 0.017969 0.019531
3 0.221094 0.754687 0.025000 0.025000
3 0.250000 0.785547 0.021875 0.021094
3 0.278125 0.788281 0.017188 0.017188
3 0.717969 0.766797 0.025000 0.028906
3 0.824609 0.666016 0.019531 0.027344
3 0.824219 0.695312 0.018750 0.018750
3 0.800000 0.702344 0.017188 0.026562
3 0.796484 0.726953 0.022656 0.021094
3 0.772656 0.733594 0.023438 0.029687
3 0.769531 0.758594 0.021875 0.023438
3 0.746875 0.765625 0.023438 0.029687
3 0.791016 0.791016 0.021094 0.025781
3 0.197656 0.249609 0.017188 0.021094
