0 0.481641 0.107422 0.136719 0.046094
1 0.493750 0.530469 0.928125 0.885938
2 0.678906 0.676953 0.093750 0.094531
3 0.261719 0.259766 0.029687 0.032031
3 0.225391 0.260547 0.019531 0.022656
3 0.198437 0.292969 0.018750 0.023438
3 0.173047 0.325781 0.017969 0.023438
3 0.221094 0.799609 0.020313 0.027344
3 0.251953 0.830469 0.022656 0.021875
3 0.721094 0.810547 0.017188 0.025781
3 0.826562 0.708594 0.020313 0.025000
3 0.824219 0.737500 0.018750 0.020313
3 0.800781 0.743750 0.018750 0.026562
3 0.798438 0.767578 0.020313 0.019531
3 0.773438 0.775391 0.021875 0.027344
3 0.747656 0.807031 0.023438 0.025000
3 0.772266 0.801953 0.016406 0.016406
