0 0.478906 0.068359 0.117188 0.039844
1 0.494531 0.491016 0.925000 0.886719
3 0.553906 0.554688 0.025000 0.028125
2 0.594531 0.595703 0.087500 0.088281
3 0.308984 0.180469 0.022656 0.023438
3 0.255859 0.216797 0.021094 0.019531
3 0.228516 0.219922 0.021094 0.025781
3 0.228125 0.245312 0.025000 0.021875
3 0.203906 0.251172 0.021875 0.024219
3 0.199609 0.280859 0.022656 0.022656
3 0.177344 0.283203 0.028125 0.025781
3 0.174609 0.316406 0.021094 0.023438
3 0.150000 0.317969 0.021875 0.025000
3 0.151172 0.348828 0.024219 0.022656
3 0.125391 0.351172 0.021094 0.025781
3 0.123047 0.382812 0.028906 0.026562
3 0.151953 0.383984 0.024219 0.025781
3 0.151562 0.413672 0.025000 0.028906
3 0.121875 0.414062 0.028125 0.029687
