0 0.473828 0.060156 0.108594 0.042188
1 0.493750 0.480859 0.926562 0.878906
3 0.372656 0.373047 0.023438 0.022656
3 0.409766 0.108594 0.016406 0.017188
3 0.437891 0.106641 0.014844 0.019531
3 0.466797 0.105469 0.022656 0.021875
3 0.492578 0.103516 0.016406 0.021094
3 0.521875 0.103125 0.018750 0.026562
3 0.548828 0.104688 0.017969 0.023438
3 0.577344 0.124609 0.017188 0.024219
3 0.604688 0.125781 0.017188 0.025000
3 0.633203 0.125781 0.021094 0.026562
3 0.663672 0.155078 0.016406 0.019531
3 0.689844 0.155469 0.020313 0.031250
3 0.715625 0.157422 0.015625 0.016406
3 0.718750 0.180078 0.017188 0.017969
3 0.744531 0.183203 0.017188 0.022656
3 0.748828 0.213281 0.017969 0.020313
3 0.774609 0.213281 0.019531 0.026562
3 0.805469 0.242578 0.015625 0.025781
3 0.861719 0.335156 0.015625 0.020313
3 0.830469 0.274219 0.014063 0.017188
3 0.866406 0.368359 0.014063 0.017969
3 0.868359 0.400000 0.016406 0.025000
3 0.875391 0.526953 0.019531 0.021094
3 0.875000 0.558203 0.023438 0.025781
3 0.875391 0.590234 0.013281 0.017969
3 0.852734 0.621094 0.025781 0.028125
3 0.850391 0.652344 0.022656 0.023438
3 0.825781 0.657813 0.023438 0.028125
3 0.826172 0.687891 0.022656 0.028906
3 0.801562 0.690234 0.020313 0.028906
3 0.800781 0.717187 0.026562 0.023438
3 0.774219 0.726562 0.026562 0.029687
3 0.750781 0.757031 0.029687 0.035937
3 0.721875 0.759375 0.023438 0.028125
3 0.722266 0.787109 0.025781 0.024219
3 0.694922 0.790625 0.022656 0.031250
3 0.669531 0.796875 0.015625 0.020313
3 0.669141 0.822656 0.017969 0.020313
3 0.641797 0.824609 0.024219 0.028906
3 0.615625 0.828516 0.026562 0.025781
3 0.587500 0.831250 0.021875 0.021875
3 0.560156 0.835547 0.018750 0.021094
3 0.384375 0.114453 0.012500 0.016406
3 0.385156 0.138672 0.015625 0.022656
3 0.358203 0.140234 0.019531 0.022656
3 0.329297 0.142187 0.024219 0.020313
3 0.303906 0.150391 0.015625 0.022656
3 0.273828 0.176172 0.019531 0.022656
3 0.248828 0.179688 0.022656 0.021875
3 0.249219 0.209375 0.023438 0.023438
3 0.222266 0.213672 0.025781 0.033594
3 0.197266 0.217969 0.016406 0.014063
3 0.197656 0.246484 0.028125 0.025781
3 0.173047 0.251563 0.024219 0.025000
3 0.169922 0.279687 0.027344 0.026562
3 0.145703 0.282422 0.016406 0.025781
3 0.144922 0.315625 0.028906 0.026562
3 0.120313 0.346094 0.018750 0.021875
3 0.119531 0.379688 0.021875 0.025000
3 0.097266 0.444531 0.019531 0.025000
3 0.101172 0.477344 0.019531 0.025000
3 0.102344 0.508984 0.015625 0.017969
3 0.104688 0.539453 0.025000 0.024219
3 0.105469 0.570703 0.021875 0.016406
3 0.131641 0.603125 0.022656 0.021875
3 0.133984 0.632031 0.019531 0.017188
3 0.164453 0.666016 0.022656 0.025781
3 0.168359 0.696875 0.035156 0.028125
3 0.193359 0.725000 0.025781 0.026562
3 0.221875 0.753516 0.025000 0.028906
3 0.255469 0.783203 0.029687 0.025781
3 0.281641 0.785547 0.017969 0.022656
3 0.309766 0.814063 0.025781 0.028125
3 0.336719 0.816406 0.017188 0.026562
3 0.367188 0.841016 0.021875 0.030469
3 0.396875 0.841406 0.025000 0.026562
3 0.422656 0.838281 0.018750 0.029687
3 0.450000 0.838672 0.020313 0.027344
3 0.477734 0.839063 0.016406 0.026562
2 0.792969 0.792578 0.093750 0.097656
