0 0.482031 0.081641 0.115625 0.042969
1 0.493359 0.502344 0.928906 0.882812
3 0.267188 0.264453 0.026562 0.027344
2 0.785937 0.785937 0.082812 0.100000
3 0.164844 0.710156 0.021875 0.023438
3 0.190234 0.742969 0.019531 0.023438
3 0.220703 0.769531 0.019531 0.023438
3 0.250000 0.801172 0.026562 0.028906
3 0.279297 0.804297 0.016406 0.022656
3 0.305469 0.833984 0.023438 0.035156
3 0.364063 0.860156 0.018750 0.025000
3 0.389453 0.858594 0.017969 0.026562
3 0.418359 0.860156 0.017969 0.025000
3 0.582031 0.854297 0.021875 0.028906
3 0.612891 0.851172 0.022656 0.025781
3 0.641797 0.848437 0.024219 0.031250
3 0.693359 0.817969 0.019531 0.028125
3 0.721484 0.810547 0.022656 0.025781
3 0.825391 0.710156 0.021094 0.023438
